0               5147.66641142                           [0.5, 20.0, 15.0, 21.0, 11.0, 10.0, 21.0, 15.0]                                                     
1               5110.85581589       36.8105955267       [  0.49956547  19.99726537  14.07296928  20.37918966  10.88646471 
   9.96587531   6.51635067   9.85169746]
2               5104.64116422       6.2146516675        [  0.49948999  19.99678992  13.91126392  20.26727521  10.86679872
   9.95991874   0.88012095   5.6054906 ]
3               5104.42342789       0.217736334437      [  0.4994874   19.99677363  13.90570535  20.26340548  10.86612522
   9.95971447   0.27818358   3.69228012]
4               5104.3864808        0.036947092236      [  0.49948695  19.9967708   13.9047413   20.26273419  10.86600843
   9.95967904   0.0371868    2.09493622]
5               5104.3851884        0.00129240283695    [  4.99486936e-01   1.99967707e+01   1.39047083e+01   2.02627112e+01
   1.08660044e+01   9.95967783e+00   1.15136660e-02   1.37229731e+00]
6               5104.38496979       0.000218600505832   [  4.99486934e-01   1.99967707e+01   1.39047025e+01   2.02627072e+01
   1.08660037e+01   9.95967762e+00   1.13298054e-03   7.53956485e-01]
7               5104.38496468       5.11614507559e-06   [  4.99486934e-01   1.99967707e+01   1.39047024e+01   2.02627071e+01
   1.08660037e+01   9.95967761e+00   3.47303929e-04   4.92604187e-01]
8               5104.38496381       8.64053617988e-07   [  4.99486934e-01   1.99967707e+01   1.39047024e+01   2.02627071e+01
   1.08660037e+01   9.95967761e+00   2.80731271e-05   2.66248994e-01]
9               5104.38496379       1.97524059331e-08   [  4.99486934e-01   1.99967707e+01   1.39047024e+01   2.02627071e+01
   1.08660037e+01   9.95967761e+00   3.11436768e-06   1.47903732e-01]
10              5104.38496379       7.4396666605e-10    [  4.99486934e-01   1.99967707e+01   1.39047024e+01   2.02627071e+01
   1.08660037e+01   9.95967761e+00   3.43613501e-07   8.21144092e-02]
11              5104.38496379       1.00044417195e-11   [  4.99486934e-01   1.99967707e+01   1.39047024e+01   2.02627071e+01
   1.08660037e+01   9.95967761e+00   3.43613183e-07   8.21143713e-02]
12              5104.38496379       0.0                 [  4.99486934e-01   1.99967707e+01   1.39047024e+01   2.02627071e+01
   1.08660037e+01   9.95967761e+00   3.43613180e-07   8.21143710e-02]

